6/16/2022 6:04:34 PM : B3=
6/16/2022 6:04:34 PM : (0.2523544, -0.5060771, -0.8247445, 81.55479)
(-0.08624226, 0.8371751, -0.5400931, -415.142)
(0.9637841, 0.2074226, 0.1676196, 164.034)
(0, 0, 0, 1)
6/16/2022 6:04:34 PM : B= inv(B3)*B0---------------
6/16/2022 6:04:34 PM : (0.8303363, -0.5092524, 0.226283, -46.70575)
(0.552008, 0.8072767, -0.2087857, 79.22504)
(-0.0763483, 0.2982724, 0.9514223, -2.24823)
(6.499731E-11, -4.045335E-11, -4.627551E-10, 0.9999999)
6/16/2022 6:04:34 PM : RA 3=(-0.5760099, -0.2032935, 0.203238)
6/16/2022 6:04:34 PM : TA 3=(-8.958328, 61.27725, 30.5491)
6/16/2022 6:04:34 PM : RB 3=(0.27246, 0.1626143, 0.570252)
6/16/2022 6:04:34 PM : TB 3=(-46.70575, 79.22504, -2.24823)
6/16/2022 6:04:34 PM : A4=
6/16/2022 6:04:34 PM : (-0.5674139, 0.8219645, 0.04915377, -7.661852)
(0.8048004, 0.5409589, 0.2442542, -40.05299)
(0.174178, 0.1781521, -0.9684647, 321.4846)
(5.820766E-11, 0, 0, 1)
6/16/2022 6:04:34 PM : A= A4*inv(A0)---------------
6/16/2022 6:04:34 PM : (0.9793211, 0.2012997, 0.02021146, 12.16108)
(-0.01607193, -0.02217736, 0.9996247, -61.87095)
(0.2016723, -0.9792786, -0.01848347, 16.48874)
(5.814366E-11, -2.974029E-12, -1.382176E-12, 1)
6/16/2022 6:04:34 PM : B4=
6/16/2022 6:04:34 PM : (-0.01009807, -0.999905, 0.009389758, -38.8092)
(0.2515372, -0.01162833, -0.9677778, -367.39)
(0.967795, -0.007410824, 0.2516308, 156.854)
(0, 0, 0, 1)
6/16/2022 6:04:34 PM : B= inv(B4)*B0---------------
6/16/2022 6:04:34 PM : (-0.02329078, -0.9991961, -0.03263372, 21.42979)
(0.9781951, -0.01603857, -0.2070683, 73.1886)
(0.2063784, -0.03674495, 0.9777821, -0.4472046)
(4.868569E-11, 2.823943E-11, -2.315398E-10, 0.9999999)
6/16/2022 6:04:34 PM : RA 4=(-1.585324, -0.1453705, -0.174139)
6/16/2022 6:04:34 PM : TA 4=(12.16108, -61.87095, 16.48874)
6/16/2022 6:04:34 PM : RB 4=(0.1364574, -0.1914886, 1.58422)
6/16/2022 6:04:34 PM : TB 4=(21.42979, 73.1886, -0.4472046)
6/16/2022 6:04:34 PM : A5=
6/16/2022 6:04:34 PM : (0.1402089, 0.9754571, 0.16978, -31.20638)
(0.9210111, -0.06555015, -0.3839817, -34.25369)
(-0.3634285, 0.2102069, -0.9075972, 286.4252)
(0, 0, 0, 1)
6/16/2022 6:04:34 PM : A= A5*inv(A0)---------------
6/16/2022 6:04:34 PM : (0.8963845, -0.1124009, 0.4287898, 14.8087)
(-0.2541569, 0.6622058, 0.7049023, -125.3549)
(-0.363179, -0.7408435, 0.5650238, -193.4341)
(-9.400306E-13, -1.274437E-12, 1.164046E-10, 1)
6/16/2022 6:04:34 PM : B5=
6/16/2022 6:04:34 PM : (-0.4227425, -0.6996402, -0.5760144, -169.776)
(-0.06135154, 0.6562386, -0.7520555, -441.871)
(0.9041709, -0.2825865, -0.3203437, 62.4524)
(0, 0, 0, 1)
6/16/2022 6:04:34 PM : B= inv(B5)*B0---------------
6/16/2022 6:04:34 PM : (0.6570755, -0.7421716, -0.1320357, 56.4039)
(0.7199465, 0.5659246, 0.4017543, -149.8741)
(-0.2234484, -0.3590415, 0.9061788, -23.84317)
(0, -3.637979E-12, -2.328306E-10, 0.9999999)
6/16/2022 6:04:34 PM : RA 5=(-0.8512871, 0.4663287, -0.08346902)
6/16/2022 6:04:34 PM : TA 5=(14.8087, -125.3549, -193.4341)
6/16/2022 6:04:34 PM : RB 5=(-0.4474508, 0.05376303, 0.8599231)
6/16/2022 6:04:34 PM : TB 5=(56.4039, -149.8741, -23.84317)
6/16/2022 6:04:34 PM : A6=
6/16/2022 6:04:34 PM : (0.4907999, 0.8426882, 0.221342, 1.981391)
(0.871267, -0.4738051, -0.1280726, -28.49124)
(-0.003052324, 0.255706, -0.9667497, 314.5663)
(-2.455636E-11, -5.820766E-11, 2.328306E-10, 0.9999999)
6/16/2022 6:04:34 PM : A= A6*inv(A0)---------------
6/16/2022 6:04:34 PM : (0.965933, 0.1740341, 0.1915346, 14.06788)
(-0.2420853, 0.8692536, 0.4310364, -149.6994)
(-0.09147714, -0.4627199, 0.8817721, -73.34081)
(0, 0, 0, 1)
6/16/2022 6:04:34 PM : B6=
6/16/2022 6:04:34 PM : (-0.181812, -0.4234353, -0.8874949, -102.832)
(0.2255662, 0.8605119, -0.4567708, -287.424)
(0.9571126, -0.2832353, -0.06093863, 112.897)
(0, 0, 0, 1)
6/16/2022 6:04:34 PM : B= inv(B6)*B0---------------
6/16/2022 6:04:34 PM : (0.8796734, -0.4400056, -0.1804719, 109.9799)
(0.4648142, 0.8757336, 0.1305313, -69.16022)
(0.1006108, -0.1987108, 0.9748802, -7.912354)
(-4.353904E-11, 2.75441E-11, -4.680609E-10, 0.9999999)
6/16/2022 6:04:34 PM : RA 6=(-0.4692295, 0.1485835, -0.2184662)
6/16/2022 6:04:34 PM : TA 6=(14.06788, -149.6994, -73.34081)
6/16/2022 6:04:34 PM : RB 6=(-0.1724449, -0.1472207, 0.473911)
6/16/2022 6:04:34 PM : TB 6=(109.9799, -69.16022, -7.912354)
6/16/2022 6:04:34 PM : A7=
6/16/2022 6:04:34 PM : (0.8504458, 0.5026531, 0.1551833, -29.4422)
(0.51456, -0.8561834, -0.04666875, 6.811171)
(0.1094072, 0.1195404, -0.9867828, 293.1743)
(0, 0, -2.328306E-10, 1)
6/16/2022 6:04:34 PM : A= A7*inv(A0)---------------
6/16/2022 6:04:34 PM : (0.9899518, 0.1413856, -0.002311992, 43.40676)
(-0.1413607, 0.9891049, -0.04109079, -70.61688)
(-0.00352285, 0.04100473, 0.9991527, -10.41393)
(0, 0, 0, 1)
6/16/2022 6:04:34 PM : B7=
6/16/2022 6:04:34 PM : (0.01185323, 0.05077359, -0.9986399, 15.7591)
(0.1919965, 0.9800115, 0.05210536, -318.155)
(0.9813241, -0.192353, 0.001867955, 117.071)
(0, 0, 0, 1)
6/16/2022 6:04:34 PM : B= inv(B7)*B0---------------
6/16/2022 6:04:34 PM : (0.9920515, 0.04255681, -0.1184171, 53.21927)
(-0.03953307, 0.9988324, 0.02776896, -23.3661)
(0.1194606, -0.02286686, 0.9925756, -37.83401)
(-8.827349E-12, 4.238749E-13, -2.028516E-13, 0.9999999)
6/16/2022 6:04:34 PM : RA 7=(0.04119749, 0.0006076402, -0.1418888)
6/16/2022 6:04:34 PM : TA 7=(43.40676, -70.61688, -10.41393)
6/16/2022 6:04:34 PM : RB 7=(-0.02538795, -0.1192678, -0.0411585)
6/16/2022 6:04:34 PM : TB 7=(53.21927, -23.3661, -37.83401)
6/16/2022 6:04:34 PM : A8=
6/16/2022 6:04:34 PM : (0.9159949, 0.2403885, -0.3211954, 12.83663)
(0.1320142, -0.936626, -0.3245058, 23.13269)
(-0.3788474, 0.2548433, -0.8896794, 375.7431)
(0, -5.820766E-11, 2.328306E-10, 1)
6/16/2022 6:04:34 PM : A= A8*inv(A0)---------------
6/16/2022 6:04:34 PM : (0.8947691, -0.09573326, 0.4361461, -77.81247)
(0.2574894, 0.9086164, -0.3288089, 42.0708)
(-0.3648116, 0.4065111, 0.8376522, -117.5441)
(-1.195554E-11, -2.325085E-10, -2.64213E-12, 1)
6/16/2022 6:04:34 PM : B8=
6/16/2022 6:04:34 PM : (-0.4299287, 0.3408046, -0.8360703, -122.979)
(-0.0447063, 0.9168497, 0.3967216, -374.988)
(0.9017553, 0.2079396, -0.3789439, 190.108)
(0, 0, 0, 1)
6/16/2022 6:04:34 PM : B= inv(B8)*B0---------------
6/16/2022 6:04:34 PM : (0.8854142, 0.3061565, 0.3497279, -72.96418)
(-0.4140182, 0.8614706, 0.2940364, -111.0872)
(-0.2112591, -0.4051378, 0.8895127, 72.53806)
(-2.299977E-11, 4.099238E-11, -4.675164E-10, 1)
6/16/2022 6:04:34 PM : RA 8=(0.3913672, 0.4263022, 0.1879994)
6/16/2022 6:04:34 PM : TA 8=(-77.81247, 42.0708, -117.5441)
6/16/2022 6:04:34 PM : RB 8=(-0.3724434, 0.2988324, -0.3836303)
6/16/2022 6:04:34 PM : TB 8=(-72.96418, -111.0872, 72.53806)
6/16/2022 6:04:34 PM : A9=
6/16/2022 6:04:34 PM : (0.8070554, 0.2388081, -0.5400307, -45.53179)
(0.189607, -0.9709441, -0.146003, 24.10515)
(-0.5592062, 0.01543883, -0.828885, 375.3839)
(0, -5.456968E-11, 4.656613E-10, 1)
6/16/2022 6:04:34 PM : A= A9*inv(A0)---------------
6/16/2022 6:04:34 PM : (0.8233678, -0.3852178, 0.4167404, -104.1329)
(0.5064375, 0.8301308, -0.2332462, 192.9956)
(-0.2560986, 0.4031004, 0.8785918, -91.48639)
(0, 0, 0, 1)
6/16/2022 6:04:34 PM : B9=
6/16/2022 6:04:34 PM : (-0.4142706, 0.2464017, -0.8761656, -147.763)
(-0.3376769, 0.8523403, 0.3993626, -542.694)
(0.8451948, 0.461305, -0.2698953, 147.522)
(0, 0, 0, 1)
6/16/2022 6:04:34 PM : B= inv(B9)*B0---------------
6/16/2022 6:04:34 PM : (0.7851348, 0.2516356, 0.5659007, -207.9923)
(-0.3778439, 0.9186052, 0.115753, -49.15453)
(-0.4907117, -0.3047037, 0.8163074, 82.89502)
(-1.218322E-11, 3.388727E-11, -7.000155E-10, 1)
6/16/2022 6:04:34 PM : RA 9=(0.345568, 0.3653852, 0.4842134)
6/16/2022 6:04:34 PM : TA 9=(-104.1329, 192.9956, -91.48639)
6/16/2022 6:04:34 PM : RB 9=(-0.2288452, 0.5750902, -0.3426112)
6/16/2022 6:04:34 PM : TB 9=(-207.9923, -49.15453, 82.89502)
6/16/2022 6:04:34 PM : A10=
6/16/2022 6:04:34 PM : (0.682387, 0.3900867, -0.6182073, 1.734823)
(0.5988218, -0.7833405, 0.1667037, 12.32198)
(-0.4192378, -0.4839525, -0.7681338, 325.1713)
(1.164153E-10, 0, 0, 1)
6/16/2022 6:04:34 PM : A= A10*inv(A0)---------------
6/16/2022 6:04:34 PM : (0.7507522, -0.6604739, -0.01205201, -88.63541)
(0.6605838, 0.7506326, 0.01339303, 201.3845)
(0.0002008742, -0.01801624, 0.9998376, 3.58568)
(0, 0, 0, 1)
6/16/2022 6:04:34 PM : B10=
6/16/2022 6:04:34 PM : (0.01088266, 0.0001596808, -0.9999409, 27.6058)
(-0.6211468, 0.7836664, -0.006634951, -592.419)
(0.7836188, 0.6211822, 0.008627571, 117.56)
(0, 0, 0, 1)
6/16/2022 6:04:34 PM : B= inv(B10)*B0---------------
6/16/2022 6:04:34 PM : (0.7606134, 0.05817634, 0.6465931, -185.4788)
(0.07886371, 0.9803209, -0.1809736, 58.46681)
(-0.644397, 0.1886438, 0.7410572, 42.0957)
(9.737137E-11, 6.011684E-11, -2.30249E-10, 0.9999999)
6/16/2022 6:04:34 PM : RA 10=(-0.01715607, -0.00669265, 0.7215745)
6/16/2022 6:04:34 PM : TA 10=(-88.63541, 201.3845, 3.58568)
6/16/2022 6:04:34 PM : RB 10=(0.2026247, 0.7077218, 0.01134077)
6/16/2022 6:04:34 PM : TB 10=(-185.4788, 58.46681, 42.0957)
6/16/2022 6:04:34 PM : A11=
6/16/2022 6:04:34 PM : (0.7502709, 0.657414, -0.07000613, -22.93419)
(0.6581016, -0.7325092, 0.1741629, 23.70647)
(0.06321692, -0.1767405, -0.9822253, 326.4698)
(0, 0, -2.328306E-10, 1)
6/16/2022 6:04:34 PM : A= A11*inv(A0)---------------
6/16/2022 6:04:34 PM : (0.9804853, -0.1047684, -0.1663491, 2.866821)
(0.128976, 0.9814138, 0.1420986, 31.02536)
(0.1483699, -0.1607806, 0.9757746, 64.44843)
(1.453224E-11, -7.484854E-13, 1.091612E-13, 1)
6/16/2022 6:04:34 PM : B11=
6/16/2022 6:04:34 PM : (0.173104, -0.1303001, -0.9762464, 89.5518)
(-0.0561645, 0.9882913, -0.1418666, -400.927)
(0.9833009, 0.07938805, 0.1637589, 157.395)
(0, 0, 0, 1)
6/16/2022 6:04:34 PM : B= inv(B11)*B0---------------
6/16/2022 6:04:34 PM : (0.9843473, -0.1378369, 0.1098262, -14.58654)
(0.1565228, 0.9701337, -0.1853146, 74.90797)
(-0.08100292, 0.1996041, 0.9765228, -12.08417)
(-8.827349E-12, 4.238749E-13, -2.028516E-13, 0.9999999)
6/16/2022 6:04:34 PM : RA 11=(-0.1530326, -0.1590147, 0.1181016)
6/16/2022 6:04:34 PM : TA 11=(2.866821, 31.02536, 64.44843)
6/16/2022 6:04:34 PM : RB 11=(0.1947035, 0.09652716, 0.1488961)
6/16/2022 6:04:34 PM : TB 11=(-14.58654, 74.90797, -12.08417)
6/16/2022 6:04:34 PM : A12=
6/16/2022 6:04:34 PM : (0.8593475, 0.5008591, -0.1032592, -22.29357)
(0.500226, -0.865234, -0.03382432, 27.23714)
(-0.1062845, -0.02258606, -0.9940791, 329.6337)
(0, 0, 0, 1)
6/16/2022 6:04:34 PM : A= A12*inv(A0)---------------
6/16/2022 6:04:34 PM : (0.9934421, -0.1049762, 0.04530865, 5.823807)
(0.1073143, 0.9928281, -0.05268868, 22.11996)
(-0.03945264, 0.05720541, 0.9975826, -3.028702)
(0, 0, 0, 1)
6/16/2022 6:04:34 PM : B12=
6/16/2022 6:04:34 PM : (-0.03843182, 0.06441916, -0.9971826, 18.8666)
(-0.05330483, 0.9963669, 0.06642085, -401.097)
(0.9978385, 0.05570732, -0.03485833, 166.082)
(0, 0, 0, 1)
6/16/2022 6:04:34 PM : B= inv(B12)*B0---------------
6/16/2022 6:04:34 PM : (0.9887178, 0.05344117, 0.1399342, -27.6119)
(-0.05598404, 0.9983294, 0.01429785, 0.9203854)
(-0.1389363, -0.02197063, 0.9900575, -11.81787)
(0, -3.637979E-12, -2.328306E-10, 0.9999999)
6/16/2022 6:04:34 PM : RA 12=(0.05509539, 0.04249507, 0.1064318)
6/16/2022 6:04:34 PM : TA 12=(5.823807, 22.11996, -3.028702)
6/16/2022 6:04:34 PM : RB 12=(-0.01820377, 0.1399698, -0.05492222)
6/16/2022 6:04:34 PM : TB 12=(-27.6119, 0.9203854, -11.81787)
6/16/2022 6:04:34 PM : A13=
6/16/2022 6:04:34 PM : (0.7099876, 0.7034115, -0.03362894, -50.12811)
(0.7038365, -0.7072308, 0.06662344, 31.70955)
(0.02308025, -0.07097106, -0.9972113, 348.8184)
(0, -1.455192E-11, 2.328306E-10, 1)
6/16/2022 6:04:34 PM : A= A13*inv(A0)---------------
6/16/2022 6:04:34 PM : (0.9935697, -0.07452691, -0.08523375, -13.33456)
(0.09032297, 0.9756669, 0.1997889, 45.06912)
(0.06827012, -0.2062028, 0.9761248, 32.00064)
(0, 0, 0, 1)
6/16/2022 6:04:34 PM : B13=
6/16/2022 6:04:34 PM : (0.09243289, -0.1883602, -0.9777406, 64.098)
(-0.02437253, 0.9812223, -0.191335, -417.994)
(0.9954206, 0.04151565, 0.08610638, 181.878)
(0, 0, 0, 1)
6/16/2022 6:04:34 PM : B= inv(B13)*B0---------------
6/16/2022 6:04:34 PM : (0.9771836, -0.1990108, 0.07421359, -28.84852)
(0.2045207, 0.9759105, -0.07596087, 47.80603)
(-0.05730876, 0.08940589, 0.9943451, 7.353668)
(8.705701E-13, 4.473222E-12, -4.659729E-10, 1)
6/16/2022 6:04:34 PM : RA 13=(-0.2048649, -0.07745859, 0.08318383)
6/16/2022 6:04:34 PM : TA 13=(-13.33456, 45.06912, 32.00064)
6/16/2022 6:04:34 PM : RB 13=(0.08341541, 0.06634337, 0.2035521)
6/16/2022 6:04:34 PM : TB 13=(-28.84852, 47.80603, 7.353668)
6/16/2022 6:04:34 PM : A14=
6/16/2022 6:04:34 PM : (0.7875766, 0.6160358, 0.01493011, -33.92263)
(0.6161917, -0.7875313, -0.01011239, 11.79207)
(0.005528336, 0.01716409, -0.9998374, 336.7144)
(0, -3.637979E-12, 0, 1)
6/16/2022 6:04:34 PM : A= A14*inv(A0)---------------
6/16/2022 6:04:34 PM : (0.9999998, 0.0003349669, -0.00046574, -0.03146362)
(-0.000335034, 0.9999997, -0.0001062513, 0.003204346)
(0.000465706, 0.0001064136, 0.9999997, -0.04994011)
(0, 0, 0, 1)
6/16/2022 6:04:34 PM : B14=
6/16/2022 6:04:34 PM : (0.008544166, 0.01105087, -0.9999025, 23.0382)
(0.05167788, 0.9985981, 0.01147804, -379.57)
(0.9986274, -0.0517709, 0.0079611, 173.263)
(0, 0, 0, 1)
6/16/2022 6:04:34 PM : B= inv(B14)*B0---------------
6/16/2022 6:04:34 PM : (0.9961454, -0.08427431, 0.02432833, 2.918358)
(0.084397, 0.996424, -0.004074551, -2.128539)
(-0.02389795, 0.006112074, 0.9996957, -3.519348)
(-1.989195E-12, -5.947152E-13, -2.329593E-10, 0.9999999)
6/16/2022 6:04:34 PM : RA 14=(0.0001063356, -0.0004657239, -0.0003350092)
6/16/2022 6:04:34 PM : TA 14=(-0.03146362, 0.003204346, -0.04994011)
6/16/2022 6:04:34 PM : RB 14=(0.005099883, 0.02414428, 0.08444437)
6/16/2022 6:04:34 PM : TB 14=(2.918358, -2.128539, -3.519348)
6/16/2022 6:04:34 PM : A15=
6/16/2022 6:04:34 PM : (0.7754183, 0.5682074, -0.2754401, -1.066584)
(0.545348, -0.822506, -0.1614917, 17.65155)
(-0.3183119, -0.02498707, -0.9476568, 312.2614)
(2.328306E-10, -5.820766E-11, 0, 1)
6/16/2022 6:04:34 PM : A= A15*inv(A0)---------------
6/16/2022 6:04:34 PM : (0.9438306, -0.2356269, 0.2316545, -1.872543)
(0.2497013, 0.9677604, -0.03300287, 61.50418)
(-0.2164096, 0.08899354, 0.9722382, -65.27018)
(-5.875191E-14, -7.965232E-14, 7.275285E-12, 0.9999999)
6/16/2022 6:04:34 PM : B15=
6/16/2022 6:04:34 PM : (-0.2265913, 0.04561051, -0.9729214, -43.6444)
(-0.1842077, 0.9788685, 0.08879088, -434.323)
(0.956412, 0.1993389, -0.2134013, 148.833)
(0, 0, 0, 1)
6/16/2022 6:04:34 PM : B= inv(B15)*B0---------------
6/16/2022 6:04:34 PM : (0.9488154, -0.04585738, 0.312485, -64.76)
(0.0002794415, 0.9895245, 0.1443653, -50.15717)
(-0.3158317, -0.1368887, 0.9388886, -17.36752)
(1.629156E-10, 1.725639E-10, -2.297252E-10, 0.9999999)
6/16/2022 6:04:34 PM : RA 15=(0.06220739, 0.2284731, 0.2474745)
6/16/2022 6:04:34 PM : TA 15=(-1.872543, 61.50418, -65.27018)
6/16/2022 6:04:34 PM : RB 15=(-0.1435771, 0.3207487, 0.02355241)
6/16/2022 6:04:34 PM : TB 15=(-64.76, -50.15717, -17.36752)
6/16/2022 6:04:34 PM : A16=
6/16/2022 6:04:34 PM : (0.5687257, 0.6214559, -0.5388359, -37.05843)
(0.7824227, -0.6108081, 0.1213609, 7.450136)
(-0.2537048, -0.4906184, -0.8336231, 323.4518)
(0, 0, 2.328306E-10, 1)
6/16/2022 6:04:34 PM : A= A16*inv(A0)---------------
6/16/2022 6:04:34 PM : (0.8247617, -0.5571428, -0.09674679, -65.98431)
(0.5650272, 0.8051019, 0.1804295, 210.9173)
(-0.022634, -0.2034761, 0.9788182, -21.19979)
(0, 0, 0, 1)
6/16/2022 6:04:34 PM : B16=
6/16/2022 6:04:34 PM : (0.09729846, -0.1670368, -0.9811381, 43.9391)
(-0.5151195, 0.8350492, -0.1932492, -593.782)
(0.851578, 0.5242062, -0.004794884, 118.756)
(0, 0, 0, 1)
6/16/2022 6:04:34 PM : B= inv(B16)*B0---------------
6/16/2022 6:04:34 PM : (0.7950643, -0.1990012, 0.5729502, -192.8896)
(0.3250492, 0.937333, -0.1254989, 46.34555)
(-0.5120706, 0.2860166, 0.8099247, 20.93921)
(8.827349E-12, -7.699832E-12, -4.654584E-10, 1)
6/16/2022 6:04:34 PM : RA 16=(-0.2055417, -0.03967975, 0.6008058)
6/16/2022 6:04:34 PM : TA 16=(-65.98431, 210.9173, -21.19979)
6/16/2022 6:04:34 PM : RB 16=(0.2230466, 0.5880946, 0.2840415)
6/16/2022 6:04:34 PM : TB 16=(-192.8896, 46.34555, 20.93921)
6/16/2022 6:04:34 PM : A17=
6/16/2022 6:04:34 PM : (0.3441929, 0.9185359, -0.1944811, -4.820485)
(0.9282855, -0.3018643, 0.2171727, -0.1638294)
(0.1407741, -0.2552833, -0.9565631, 322.7707)
(5.820766E-11, -5.820766E-11, 2.328306E-10, 1)
6/16/2022 6:04:34 PM : A= A17*inv(A0)---------------
6/16/2022 6:04:34 PM : (0.9600697, -0.1330403, -0.246103, -8.922836)
(0.2461511, 0.8197656, 0.5171016, 61.26709)
(0.1329514, -0.557032, 0.8197799, 30.56387)
(9.400306E-13, 1.274437E-12, -1.164046E-10, 1)
6/16/2022 6:04:34 PM : B17=
6/16/2022 6:04:34 PM : (0.2523762, -0.506092, -0.8247286, 81.55349)
(-0.08635071, 0.8371388, -0.5401317, -415.12)
(0.9637686, 0.2075323, 0.1675725, 163.994)
(0, 0, 0, 1)
6/16/2022 6:04:34 PM : B= inv(B17)*B0---------------
6/16/2022 6:04:34 PM : (0.7827565, -0.5764892, 0.2344193, -39.17388)
(0.6196094, 0.7571039, -0.2070698, 82.69192)
(-0.05810621, 0.3073337, 0.949826, -7.781616)
(2.568592E-11, 7.286979E-11, -4.662256E-10, 1)
6/16/2022 6:04:34 PM : RA 17=(-0.5760459, -0.2032827, 0.2033561)
6/16/2022 6:04:34 PM : TA 17=(-8.922836, 61.26709, 30.56387)
6/16/2022 6:04:34 PM : RB 17=(0.2815856, 0.1601291, 0.6547468)
6/16/2022 6:04:34 PM : TB 17=(-39.17388, 82.69192, -7.781616)
6/16/2022 6:04:34 PM : A18=
6/16/2022 6:04:34 PM : (-0.6342237, 0.7717537, 0.04643914, -0.5642303)
(0.7576777, 0.608454, 0.2360273, -29.75907)
(0.1538989, 0.18488, -0.9706361, 321.0165)
(1.164153E-10, 5.820766E-11, 0, 1)
6/16/2022 6:04:34 PM : A= A18*inv(A0)---------------
6/16/2022 6:04:34 PM : (0.9793289, 0.201254, 0.02029593, 12.16815)
(-0.01615298, -0.02220665, 0.9996229, -61.87592)
(0.2016289, -0.9792873, -0.01849675, 16.48782)
(5.812897E-11, -2.993942E-12, 4.366446E-13, 1)
6/16/2022 6:04:34 PM : B18=
6/16/2022 6:04:34 PM : (-0.01018295, -0.9999039, 0.009402573, -38.8132)
(0.2514931, -0.01166177, -0.9677888, -367.394)
(0.9678055, -0.007490277, 0.2515877, 156.843)
(0, 0, 0, 1)
6/16/2022 6:04:34 PM : B= inv(B18)*B0---------------
6/16/2022 6:04:34 PM : (-0.1067289, -0.9937345, -0.03317825, 24.96554)
(0.9753745, -0.09816323, -0.1975074, 81.68144)
(0.193013, -0.053441, 0.9797397, -1.844604)
(1.291985E-10, 1.142462E-11, -2.28191E-10, 0.9999999)
6/16/2022 6:04:34 PM : RA 18=(-1.585348, -0.1452697, -0.1741695)
6/16/2022 6:04:34 PM : TA 18=(12.16815, -61.87592, 16.48782)
6/16/2022 6:04:34 PM : RB 18=(0.1220518, -0.1916273, 1.668211)
6/16/2022 6:04:34 PM : TB 18=(24.96554, 81.68144, -1.844604)
6/16/2022 6:04:34 PM : A19=
6/16/2022 6:04:34 PM : (0.05758107, 0.9850177, 0.1625567, -18.99544)
(0.9205581, 0.01062452, -0.3904611, -32.51372)
(-0.3863382, 0.1721261, -0.9061541, 284.1758)
(0, 0, -2.328306E-10, 1)
6/16/2022 6:04:34 PM : A= A19*inv(A0)---------------
6/16/2022 6:04:34 PM : (0.8963767, -0.1124013, 0.4288062, 14.78851)
(-0.2542119, 0.6621199, 0.7049636, -125.3466)
(-0.3631599, -0.7409205, 0.564935, -193.4215)
(-6.9178E-12, -1.175287E-10, 1.150835E-10, 1)
6/16/2022 6:04:34 PM : B19=
6/16/2022 6:04:34 PM : (-0.422759, -0.6997026, -0.5759264, -169.762)
(-0.06135201, 0.6561502, -0.7521323, -441.894)
(0.9041631, -0.2826364, -0.3203215, 62.4752)
(0, 0, 0, 1)
6/16/2022 6:04:34 PM : B= inv(B19)*B0---------------
6/16/2022 6:04:34 PM : (0.5929182, -0.7952944, -0.126313, 64.88534)
(0.7609731, 0.5020675, 0.4109112, -148.2321)
(-0.2633777, -0.3397576, 0.9028825, -27.08502)
(-8.827349E-12, 4.238749E-13, -2.028516E-13, 0.9999999)
6/16/2022 6:04:34 PM : RA 19=(-0.8514012, 0.4663451, -0.08350439)
6/16/2022 6:04:34 PM : TA 19=(14.78851, -125.3466, -193.4215)
6/16/2022 6:04:34 PM : RB 19=(-0.4540653, 0.08290775, 0.9413565)
6/16/2022 6:04:34 PM : TB 19=(64.88534, -148.2321, -27.08502)
6/16/2022 6:04:34 PM : A20=
6/16/2022 6:04:34 PM : (0.8063319, 0.5742449, 0.1416753, -19.70207)
(0.5844698, -0.8103281, -0.04199586, -0.886741)
(0.09068757, 0.1166675, -0.9890221, 291.7536)
(0, 2.910383E-11, -4.656613E-10, 1)
6/16/2022 6:04:34 PM : A= A20*inv(A0)---------------
6/16/2022 6:04:34 PM : (0.9899588, 0.1413369, -0.002337389, 43.39454)
(-0.1413129, 0.9891102, -0.04113479, -70.61734)
(-0.003501927, 0.04105204, 0.9991509, -10.39685)
(1.195554E-11, 2.325085E-10, 2.64213E-12, 0.9999999)
6/16/2022 6:04:34 PM : B20=
6/16/2022 6:04:34 PM : (0.01187816, 0.05081801, -0.9986373, 15.7784)
(0.1919479, 0.9800183, 0.05215365, -318.15)
(0.9813333, -0.1923058, 0.0018864, 117.086)
(0, 0, 0, 1)
6/16/2022 6:04:34 PM : B= inv(B20)*B0---------------
6/16/2022 6:04:34 PM : (0.9937873, -0.04125494, -0.103368, 59.52793)
(0.04419064, 0.9986778, 0.0262717, -26.89827)
(0.1021475, -0.03067639, 0.9942962, -40.44531)
(-1.74114E-12, -1.986038E-11, 2.334539E-10, 0.9999998)
6/16/2022 6:04:34 PM : RA 20=(0.04124324, 0.0005843901, -0.1418402)
6/16/2022 6:04:34 PM : TA 20=(43.39454, -70.61734, -10.39685)
6/16/2022 6:04:34 PM : RB 20=(-0.02853704, -0.1029851, 0.04281733)
6/16/2022 6:04:34 PM : TB 20=(59.52793, -26.89827, -40.44531)
6/16/2022 6:04:34 PM : A21=
6/16/2022 6:04:34 PM : (0.8887175, 0.3171964, -0.3310113, 18.07148)
(0.2076904, -0.9222304, -0.3261224, 12.00825)
(-0.4087136, 0.2210827, -0.8854805, 372.5131)
(0, 0, 0, 1)
6/16/2022 6:04:34 PM : A= A21*inv(A0)---------------
6/16/2022 6:04:34 PM : (0.8947928, -0.0955852, 0.4361299, -77.86682)
(0.2573589, 0.9086301, -0.3288732, 42.07248)
(-0.3648455, 0.4065153, 0.8376354, -117.5426)
(7.008451E-11, 2.295145E-10, 3.078775E-12, 0.9999999)
6/16/2022 6:04:34 PM : B21=
6/16/2022 6:04:34 PM : (-0.4299107, 0.340868, -0.8360538, -123.001)
(-0.04455732, 0.9168561, 0.3967239, -374.981)
(0.9017714, 0.2078082, -0.378978, 190.16)
(0, 0, 0, 1)
6/16/2022 6:04:34 PM : B= inv(B21)*B0---------------
6/16/2022 6:04:34 PM : (0.9042242, 0.2271375, 0.3616459, -69.44479)
(-0.3429116, 0.8909006, 0.2978388, -120.9579)
(-0.2545402, -0.3933256, 0.8834615, 69.24585)
(0, -3.637979E-12, -2.328306E-10, 0.9999999)
6/16/2022 6:04:34 PM : RA 21=(0.3914022, 0.4263101, 0.1878504)
6/16/2022 6:04:34 PM : TA 21=(-77.86682, 42.07248, -117.5426)
6/16/2022 6:04:34 PM : RB 21=(-0.3653731, 0.3257369, -0.3013471)
6/16/2022 6:04:34 PM : TB 21=(-69.44479, -120.9579, 69.24585)
6/16/2022 6:04:34 PM : A22=
6/16/2022 6:04:34 PM : (0.7805543, 0.3035328, -0.5464455, -41.34425)
(0.270623, -0.9521098, -0.1423026, 13.40065)
(-0.5634696, -0.0368059, -0.8253165, 370.3251)
(1.164153E-10, 0, -2.328306E-10, 1)
6/16/2022 6:04:34 PM : A= A22*inv(A0)---------------
6/16/2022 6:04:34 PM : (0.8232647, -0.3853734, 0.4167999, -104.085)
(0.5066134, 0.8300316, -0.2332171, 192.9856)
(-0.2560815, 0.4031558, 0.8785713, -91.49255)
(0, 0, 0, 1)
6/16/2022 6:04:34 PM : B22=
6/16/2022 6:04:34 PM : (-0.4143325, 0.2463729, -0.8761445, -147.745)
(-0.3378369, 0.8522508, 0.3994186, -542.661)
(0.8451006, 0.461486, -0.2698813, 147.441)
(0, 0, 0, 1)
6/16/2022 6:04:34 PM : B= inv(B22)*B0---------------
6/16/2022 6:04:34 PM : (0.7981163, 0.1830903, 0.5740106, -204.6826)
(-0.2996424, 0.9471536, 0.1145184, -56.57037)
(-0.5227091, -0.2633968, 0.8108004, 77.52014)
(8.854403E-11, 6.417869E-11, 2.378819E-12, 0.9999999)
6/16/2022 6:04:34 PM : RA 22=(0.3455966, 0.3654234, 0.4844136)
6/16/2022 6:04:34 PM : TA 22=(-104.085, 192.9856, -91.49255)
6/16/2022 6:04:34 PM : RB 22=(-0.2043105, 0.5929146, -0.2609777)
6/16/2022 6:04:34 PM : TB 22=(-204.6826, -56.57037, 77.52014)
6/16/2022 6:04:34 PM : A23=
6/16/2022 6:04:34 PM : (0.6920879, 0.7171182, -0.08219687, -12.62992)
(0.718025, -0.6723243, 0.1800562, 18.74683)
(0.07385861, -0.1836341, -0.980216, 320.8491)
(1.455192E-11, -5.820766E-11, -2.328306E-10, 1)
6/16/2022 6:04:34 PM : A= A23*inv(A0)---------------
6/16/2022 6:04:34 PM : (0.9804595, -0.1049037, -0.166417, 2.86467)
(0.129117, 0.9814008, 0.1420609, 31.03717)
(0.148419, -0.1607722, 0.9757685, 64.44076)
(-2.625277E-11, -2.314414E-10, -3.185243E-11, 1)
6/16/2022 6:04:34 PM : B23=
6/16/2022 6:04:34 PM : (0.1731702, -0.1302615, -0.9762397, 89.5444)
(-0.05630178, 0.9882849, -0.1418558, -400.94)
(0.9832813, 0.07952922, 0.1638075, 157.39)
(0, 0, 0, 1)
6/16/2022 6:04:34 PM : B= inv(B23)*B0---------------
6/16/2022 6:04:34 PM : (0.9678654, -0.2194323, 0.1228268, -7.856512)
(0.2397752, 0.9525017, -0.187746, 74.74338)
(-0.0757952, 0.2111637, 0.9745075, -17.01431)
(-2.848304E-11, 5.708544E-11, -1.938061E-12, 0.9999999)
6/16/2022 6:04:34 PM : RA 23=(-0.1530105, -0.1590751, 0.118242)
6/16/2022 6:04:34 PM : TA 23=(2.86467, 31.03717, 64.44076)
6/16/2022 6:04:34 PM : RB 23=(0.2030247, 0.1010885, 0.2337132)
6/16/2022 6:04:34 PM : TB 23=(-7.856512, 74.74338, -17.01431)
6/16/2022 6:04:34 PM : A24=
6/16/2022 6:04:34 PM : (0.812814, 0.57089, -0.1158355, -13.35589)
(0.5720189, -0.8198105, -0.02655949, 19.45235)
(-0.1101257, -0.04467217, -0.9929132, 325.4492)
(0, -1.455192E-11, -2.328306E-10, 1)
6/16/2022 6:04:34 PM : A= A24*inv(A0)---------------
6/16/2022 6:04:34 PM : (0.9934534, -0.1048695, 0.04530437, 5.8452)
(0.1072071, 0.9928402, -0.05267974, 22.12476)
(-0.0394555, 0.05719181, 0.9975832, -3.019772)
(0, 0, 0, 0.9999999)
6/16/2022 6:04:34 PM : B24=
6/16/2022 6:04:34 PM : (-0.03842629, 0.06440949, -0.9971835, 18.8762)
(-0.05319777, 0.9963735, 0.06640714, -401.102)
(0.9978444, 0.05559972, -0.03486049, 166.063)
(0, 0, 0, 1)
6/16/2022 6:04:34 PM : B= inv(B24)*B0---------------
6/16/2022 6:04:34 PM : (0.9876116, -0.03040614, 0.1539436, -21.87645)
(0.02917693, 0.999522, 0.01023741, -1.792223)
(-0.1541812, -0.00561898, 0.9880266, -16.29074)
(-1.678413E-11, 1.259693E-11, -7.17329E-13, 0.9999999)
6/16/2022 6:04:34 PM : RA 24=(0.05508387, 0.04249419, 0.1063242)
6/16/2022 6:04:34 PM : TA 24=(5.8452, 22.12476, -3.019772)
6/16/2022 6:04:34 PM : RB 24=(-0.007961179, 0.1547034, 0.02991541)
6/16/2022 6:04:34 PM : TB 24=(-21.87645, -1.792223, -16.29074)
6/16/2022 6:04:34 PM : A25=
6/16/2022 6:04:34 PM : (0.6476939, 0.7601978, -0.05092085, -39.34419)
(0.7616763, -0.6444305, 0.06751841, 26.94323)
(0.01851236, -0.08251642, -0.9964177, 344.7783)
(0, 0, 0, 1)
6/16/2022 6:04:34 PM : A= A25*inv(A0)---------------
6/16/2022 6:04:34 PM : (0.993574, -0.07445953, -0.08524413, -13.36761)
(0.09026369, 0.9756588, 0.199856, 45.05554)
(0.06828801, -0.2062661, 0.9761102, 32.01685)
(-7.031114E-12, 6.92852E-13, -2.915572E-11, 1)
6/16/2022 6:04:34 PM : B25=
6/16/2022 6:04:34 PM : (0.09244402, -0.1884277, -0.9777265, 64.1171)
(-0.02430517, 0.9812117, -0.1913975, -417.975)
(0.9954212, 0.04145736, 0.08612739, 181.912)
(0, 0, 0, 1)
6/16/2022 6:04:34 PM : B= inv(B25)*B0---------------
6/16/2022 6:04:34 PM : (0.9554747, -0.2803274, 0.09211665, -23.53513)
(0.287271, 0.9550366, -0.07335209, 46.16508)
(-0.06741216, 0.09654844, 0.9930427, 3.178101)
(0, -3.637979E-12, -2.328306E-10, 0.9999999)
6/16/2022 6:04:34 PM : RA 25=(-0.2049313, -0.0774731, 0.08312019)
6/16/2022 6:04:34 PM : TA 25=(-13.36761, 45.05554, 32.01685)
6/16/2022 6:04:34 PM : RB 25=(0.08634268, 0.08107182, 0.2884509)
6/16/2022 6:04:34 PM : TB 25=(-23.53513, 46.16508, 3.178101)
6/16/2022 6:04:34 PM : A26=
6/16/2022 6:04:34 PM : (0.7875668, 0.6160505, 0.01484422, -33.94046)
(0.6162017, -0.7875312, -0.009500422, 11.80385)
(0.005837549, 0.01662926, -0.9998446, 336.7455)
(3.637979E-12, 3.637979E-12, 0, 1)
6/16/2022 6:04:34 PM : A= A26*inv(A0)---------------
6/16/2022 6:04:34 PM : (0.9999996, 0.0004671998, -0.000417416, -0.1609344)
(-0.0004671477, 0.9999998, 0.0001379545, -0.007141113)
(0.0004174802, -0.0001377539, 0.9999998, 0.04466248)
(0, 0, 0, 1)
6/16/2022 6:04:34 PM : B26=
6/16/2022 6:04:34 PM : (0.008497293, 0.01080563, -0.9999056, 23.134)
(0.05181046, 0.998594, 0.01123173, -379.554)
(0.9986209, -0.051901, 0.007925499, 173.391)
(0, 0, 0, 1)
6/16/2022 6:04:34 PM : B= inv(B26)*B0---------------
6/16/2022 6:04:34 PM : (0.996142, -0.0842904, 0.02441445, 2.871479)
(0.08442864, 0.9964187, -0.004685759, -1.907971)
(-0.02393204, 0.00672894, 0.9996908, -3.499878)
(5.03205E-12, -4.688905E-12, -2.326214E-10, 0.9999999)
6/16/2022 6:04:34 PM : RA 26=(-0.0001378515, -0.0004174481, -0.0004671766)
6/16/2022 6:04:34 PM : TA 26=(-0.1609344, -0.007141113, 0.04466248)
6/16/2022 6:04:34 PM : RB 26=(0.005714722, 0.02420451, 0.08446864)
6/16/2022 6:04:34 PM : TB 26=(2.871479, -1.907971, -3.499878)
6/16/2022 6:04:34 PM : A27=
6/16/2022 6:04:34 PM : (0.7754773, 0.5682864, -0.2751097, -1.088208)
(0.5453512, -0.822462, -0.161704, 17.64361)
(-0.3181615, -0.0246336, -0.9477164, 312.2682)
(0, 0, 0, 1)
6/16/2022 6:04:34 PM : A= A27*inv(A0)---------------
6/16/2022 6:04:34 PM : (0.9439365, -0.2351987, 0.2316581, -1.843246)
(0.2492962, 0.9678595, -0.03315469, 61.50998)
(-0.2164146, 0.0890474, 0.9722322, -65.27852)
(0, 0, 0, 1)
6/16/2022 6:04:34 PM : B27=
6/16/2022 6:04:34 PM : (-0.2265894, 0.0457601, -0.9729149, -43.6549)
(-0.1837746, 0.9789453, 0.08884437, -434.323)
(0.9564958, 0.1989282, -0.213409, 148.827)
(0, 0, 0, 1)
6/16/2022 6:04:34 PM : B= inv(B27)*B0---------------
6/16/2022 6:04:34 PM : (0.9489204, -0.04589694, 0.3121589, -64.66572)
(0.0002980945, 0.9894933, 0.1445791, -50.23621)
(-0.3155149, -0.137101, 0.9389641, -17.36841)
(0, -3.637979E-12, -2.328306E-10, 0.9999999)
6/16/2022 6:04:34 PM : RA 27=(0.06231013, 0.2284696, 0.2470411)
6/16/2022 6:04:34 PM : TA 27=(-1.843246, 61.50998, -65.27852)
6/16/2022 6:04:34 PM : RB 27=(-0.1437909, 0.3204124, 0.02358135)
6/16/2022 6:04:34 PM : TB 27=(-64.66572, -50.23621, -17.36841)
6/16/2022 6:04:34 PM : A28=
6/16/2022 6:04:34 PM : (0.5687301, 0.621414, -0.5388799, -37.04343)
(0.7824153, -0.6108114, 0.1213924, 7.441171)
(-0.2537192, -0.4906671, -0.83359, 323.4383)
(-1.164153E-10, 0, 2.328306E-10, 1)
6/16/2022 6:04:34 PM : A= A28*inv(A0)---------------
6/16/2022 6:04:34 PM : (0.8247001, -0.5572395, -0.09671446, -65.97)
(0.5651168, 0.8050559, 0.180355, 210.9147)
(-0.02264037, -0.2033938, 0.9788352, -21.20916)
(0, 0, 0, 1)
6/16/2022 6:04:34 PM : B28=
6/16/2022 6:04:34 PM : (0.09726454, -0.1669619, -0.9811541, 43.9097)
(-0.5152189, 0.8350068, -0.1931672, -593.77)
(0.8515218, 0.5242974, -0.004805367, 118.722)
(0, 0, 0, 1)
6/16/2022 6:04:34 PM : B= inv(B28)*B0---------------
6/16/2022 6:04:34 PM : (0.7950433, -0.198963, 0.5729927, -192.8906)
(0.3250424, 0.9373312, -0.1255306, 46.34707)
(-0.512108, 0.2860489, 0.8098897, 20.9353)
(-8.854403E-11, -7.145465E-11, -4.680401E-10, 1)
6/16/2022 6:04:34 PM : RA 28=(-0.2054612, -0.03965968, 0.6009157)
6/16/2022 6:04:34 PM : TA 28=(-65.97, 210.9147, -21.20916)
6/16/2022 6:04:34 PM : RB 28=(0.2230835, 0.5881443, 0.2840204)
6/16/2022 6:04:34 PM : TB 28=(-192.8906, 46.34707, 20.9353)
6/16/2022 6:04:34 PM : A29=
6/16/2022 6:04:34 PM : (0.34416, 0.9185839, -0.1943136, -4.810486)
(0.9282679, -0.3018187, 0.2173115, -0.1414637)
(0.1409714, -0.255165, -0.9565657, 322.7443)
(0, 0, 0, 1)
6/16/2022 6:04:34 PM : A= A29*inv(A0)---------------
6/16/2022 6:04:34 PM : (0.9600554, -0.1331315, -0.2461091, -8.892471)
(0.2462255, 0.81977, 0.5170587, 61.29419)
(0.1329161, -0.5570033, 0.8198052, 30.54388)
(0, 0, 0, 1)
6/16/2022 6:04:34 PM : B29=
6/16/2022 6:04:34 PM : (0.2523811, -0.5060485, -0.8247538, 81.5412)
(-0.08644263, 0.8371469, -0.5401046, -415.153)
(0.9637591, 0.207606, 0.1675359, 163.959)
(0, 0, 0, 1)
6/16/2022 6:04:34 PM : B= inv(B29)*B0---------------
6/16/2022 6:04:34 PM : (0.7827616, -0.5765502, 0.2342529, -39.10603)
(0.6196248, 0.7570537, -0.2072073, 82.76255)
(-0.05787658, 0.3073428, 0.9498372, -7.801941)
(0, -3.637979E-12, -2.328306E-10, 0.9999999)
6/16/2022 6:04:34 PM : RA 29=(-0.5760059, -0.2032664, 0.2034444)
6/16/2022 6:04:34 PM : TA 29=(-8.892471, 61.29419, 30.54388)
6/16/2022 6:04:34 PM : RB 29=(0.2816676, 0.1599133, 0.6547927)
6/16/2022 6:04:34 PM : TB 29=(-39.10603, 82.76255, -7.801941)
6/16/2022 6:04:34 PM : A30=
6/16/2022 6:04:34 PM : (-0.6342244, 0.7717618, 0.04629648, -0.5671675)
(0.7576643, 0.6084823, 0.2359958, -29.7522)
(0.153962, 0.1847515, -0.9706506, 321.0117)
(0, 0, 0, 1)
6/16/2022 6:04:34 PM : A= A30*inv(A0)---------------
6/16/2022 6:04:34 PM : (0.9793256, 0.2012756, 0.02023775, 12.16068)
(-0.01608944, -0.02222493, 0.9996236, -61.86071)
(0.2016497, -0.9792826, -0.01852707, 16.48813)
(0, 0, 0, 1)
6/16/2022 6:04:34 PM : B30=
6/16/2022 6:04:34 PM : (-0.01012459, -0.9999042, 0.009433061, -38.7993)
(0.2515138, -0.01167679, -0.9677832, -367.393)
(0.9678007, -0.007425845, 0.2516079, 156.854)
(0, 0, 0, 1)
6/16/2022 6:04:34 PM : B= inv(B30)*B0---------------
6/16/2022 6:04:34 PM : (-0.1067304, -0.9937391, -0.03303545, 24.91418)
(0.9753777, -0.09819365, -0.1974752, 81.6781)
(0.1929949, -0.05329869, 0.9797511, -1.856842)
(0, -3.637979E-12, -2.328306E-10, 0.9999999)
6/16/2022 6:04:34 PM : RA 30=(-1.585371, -0.1453354, -0.1741388)
6/16/2022 6:04:34 PM : TA 30=(12.16068, -61.86071, 16.48813)
6/16/2022 6:04:34 PM : RB 30=(0.122146, -0.1914924, 1.668231)
6/16/2022 6:04:34 PM : TB 30=(24.91418, 81.6781, -1.856842)
6/16/2022 6:04:34 PM : A31=
6/16/2022 6:04:34 PM : (0.05750663, 0.9850549, 0.1623585, -18.99762)
(0.9204479, 0.01066445, -0.3907199, -32.49609)
(-0.386612, 0.1719115, -0.9060782, 284.1795)
(-1.164153E-10, 0, -2.328306E-10, 1)
6/16/2022 6:04:34 PM : A= A31*inv(A0)---------------
6/16/2022 6:04:34 PM : (0.896349, -0.1124554, 0.4288498, 14.81157)
(-0.2542002, 0.6621473, 0.7049419, -125.3635)
(-0.3632363, -0.7408877, 0.5649289, -193.4206)
(0, 0, 0, 1)
6/16/2022 6:04:34 PM : B31=
6/16/2022 6:04:34 PM : (-0.4228033, -0.6996806, -0.5759205, -169.759)
(-0.06140703, 0.656178, -0.7521036, -441.871)
(0.9041386, -0.2826263, -0.3203995, 62.4364)
(0, 0, 0, 1)
6/16/2022 6:04:34 PM : B= inv(B31)*B0---------------
6/16/2022 6:04:34 PM : (0.5928687, -0.7953628, -0.1261153, 64.81524)
(0.760893, 0.5019783, 0.4111688, -148.3036)
(-0.2637211, -0.3397293, 0.9027929, -27.0665)
(-1.061987E-10, -6.333094E-11, -2.78455E-12, 0.9999999)
6/16/2022 6:04:34 PM : RA 31=(-0.8513702, 0.4664163, -0.08346576)
6/16/2022 6:04:34 PM : TA 31=(14.81157, -125.3635, -193.4206)
6/16/2022 6:04:34 PM : RB 31=(-0.4542266, 0.08323927, 0.9413962)
6/16/2022 6:04:34 PM : TB 31=(64.81524, -148.3036, -27.0665)
6/16/2022 6:04:34 PM : A32=
6/16/2022 6:04:34 PM : (0.8063048, 0.5742621, 0.1417617, -19.70792)
(0.584525, -0.8102726, -0.04229746, -0.8882654)
(0.09057578, 0.1169679, -0.9889967, 291.727)
(2.910383E-11, 5.820766E-11, 0, 1)
6/16/2022 6:04:34 PM : A= A32*inv(A0)---------------
6/16/2022 6:04:34 PM : (0.9899549, 0.1413641, -0.002258605, 43.39798)
(-0.1413376, 0.9891152, -0.04091987, -70.6109)
(-0.003550581, 0.04082806, 0.9991598, -10.39668)
(0, 0, 0, 1)
6/16/2022 6:04:34 PM : B32=
6/16/2022 6:04:34 PM : (0.01179965, 0.05060301, -0.9986492, 15.7663)
(0.1919758, 0.9800251, 0.05192759, -318.16)
(0.9813288, -0.1923292, 0.0018494, 117.082)
(0, 0, 0, 1)
6/16/2022 6:04:34 PM : B= inv(B32)*B0---------------
6/16/2022 6:04:34 PM : (0.9937773, -0.04128569, -0.1034543, 59.55148)
(0.04425571, 0.9986668, 0.02657622, -27.00003)
(0.1022192, -0.03098927, 0.9942791, -40.45697)
(5.616996E-11, -3.639149E-11, -2.301273E-10, 0.9999999)
6/16/2022 6:04:34 PM : RA 32=(0.04102293, 0.0006483418, -0.141866)
6/16/2022 6:04:34 PM : TA 32=(43.39798, -70.6109, -10.39668)
6/16/2022 6:04:34 PM : RB 32=(-0.0288466, -0.1030649, 0.0428657)
6/16/2022 6:04:34 PM : TB 32=(59.55148, -27.00003, -40.45697)
6/16/2022 6:04:34 PM : A33=
6/16/2022 6:04:34 PM : (0.8886896, 0.3171689, -0.3311113, 18.06695)
(0.2076412, -0.9222455, -0.3261109, 12.02124)
(-0.4087981, 0.221059, -0.8854473, 372.5223)
(-1.164153E-10, 0, 0, 1)
6/16/2022 6:04:34 PM : A= A33*inv(A0)---------------
6/16/2022 6:04:34 PM : (0.8947584, -0.09576386, 0.4361613, -77.82155)
(0.2575227, 0.9086113, -0.328797, 42.07837)
(-0.3648143, 0.4065154, 0.837649, -117.5419)
(0, 0, 0, 1)
6/16/2022 6:04:34 PM : B33=
6/16/2022 6:04:34 PM : (-0.4299443, 0.340793, -0.836067, -122.984)
(-0.04473715, 0.9168464, 0.3967257, -374.998)
(0.9017463, 0.2079732, -0.3789468, 190.113)
(0, 0, 0, 1)
6/16/2022 6:04:34 PM : B= inv(B33)*B0---------------
6/16/2022 6:04:34 PM : (0.9041822, 0.227147, 0.3617442, -69.48468)
(-0.3429606, 0.8908861, 0.2978257, -120.9423)
(-0.2546226, -0.3933527, 0.8834256, 69.26419)
(-9.737137E-11, -6.739279E-11, -2.354123E-10, 0.9999999)
6/16/2022 6:04:34 PM : RA 33=(0.3913645, 0.4263132, 0.1880341)
6/16/2022 6:04:34 PM : TA 33=(-77.82155, 42.07837, -117.5419)
6/16/2022 6:04:34 PM : RB 33=(-0.3653865, 0.3258379, -0.3013833)
6/16/2022 6:04:34 PM : TB 33=(-69.48468, -120.9423, 69.26419)
6/16/2022 6:04:34 PM : A34=
6/16/2022 6:04:34 PM : (0.780494, 0.3035514, -0.5465219, -41.34555)
(0.2705559, -0.9521084, -0.1424401, 13.41135)
(-0.5635859, -0.03669107, -0.8252422, 370.3159)
(1.164153E-10, 7.275958E-12, 2.328306E-10, 0.9999999)
6/16/2022 6:04:34 PM : A= A34*inv(A0)---------------
6/16/2022 6:04:34 PM : (0.8232925, -0.3853331, 0.4167829, -104.11)
(0.5065717, 0.8300505, -0.23324, 192.9975)
(-0.2560759, 0.4031551, 0.8785733, -91.50394)
(0, 0, 0, 1)
6/16/2022 6:04:34 PM : B34=
6/16/2022 6:04:34 PM : (-0.4143148, 0.2463958, -0.8761464, -147.771)
(-0.3377955, 0.8522674, 0.3994181, -542.674)
(0.8451257, 0.4614431, -0.2698755, 147.465)
(0, 0, 0, 1)
6/16/2022 6:04:34 PM : B= inv(B34)*B0---------------
6/16/2022 6:04:34 PM : (0.7980731, 0.183043, 0.5740862, -204.7106)
(-0.2997029, 0.9471181, 0.1146543, -56.60775)
(-0.5227407, -0.2635578, 0.8107276, 77.53735)
(1.101771E-10, 4.996845E-11, -4.626195E-10, 0.9999999)
6/16/2022 6:04:34 PM : RA 34=(0.3456056, 0.3654078, 0.4843646)
6/16/2022 6:04:34 PM : TA 34=(-104.11, 192.9975, -91.50394)
6/16/2022 6:04:34 PM : RB 34=(-0.204477, 0.5929893, -0.2609919)
6/16/2022 6:04:34 PM : TB 34=(-204.7106, -56.60775, 77.53735)
6/16/2022 6:04:34 PM : A35=
6/16/2022 6:04:34 PM : (0.6920602, 0.7171453, -0.08219048, -12.62659)
(0.7180483, -0.6722932, 0.1800789, 18.73579)
(0.0738867, -0.1836422, -0.9802124, 320.8431)
(4.365575E-11, 0, -2.328306E-10, 1)
6/16/2022 6:04:34 PM : A= A35*inv(A0)---------------
6/16/2022 6:04:34 PM : (0.9804886, -0.1047256, -0.1663572, 2.828766)
(0.1289297, 0.9814246, 0.1420662, 31.03775)
(0.1483891, -0.1607426, 0.9757779, 64.42881)
(0, 0, 0, 1)
6/16/2022 6:04:34 PM : B35=
6/16/2022 6:04:34 PM : (0.1731126, -0.1302679, -0.9762492, 89.53999)
(-0.0561218, 0.9882993, -0.1418276, -400.947)
(0.9833018, 0.07934099, 0.1637762, 157.435)
(0, 0, 0, 1)
6/16/2022 6:04:34 PM : B= inv(B35)*B0---------------
6/16/2022 6:04:34 PM : (0.9678572, -0.2194702, 0.1228208, -7.850761)
(0.2398126, 0.952488, -0.1877671, 74.74139)
(-0.07577601, 0.2111858, 0.9745042, -17.01877)
(2.768692E-11, 2.433193E-11, 7.65249E-13, 0.9999999)
6/16/2022 6:04:34 PM : RA 35=(-0.1529965, -0.1590281, 0.1180562)
6/16/2022 6:04:34 PM : TA 35=(2.828766, 31.03775, 64.42881)
6/16/2022 6:04:34 PM : RB 35=(0.2030475, 0.101076, 0.2337524)
6/16/2022 6:04:34 PM : TB 35=(-7.850761, 74.74139, -17.01877)
6/16/2022 6:04:34 PM : A36=
6/16/2022 6:04:34 PM : (0.8128209, 0.5708162, -0.1161529, -13.38531)
(0.5719951, -0.8198375, -0.02623205, 19.45902)
(-0.1102002, -0.04511694, -0.9928849, 325.477)
(-2.910383E-11, -1.455192E-11, -2.328306E-10, 1)
6/16/2022 6:04:34 PM : A= A36*inv(A0)---------------
6/16/2022 6:04:34 PM : (0.9934496, -0.1049061, 0.04530441, 5.799271)
(0.1072426, 0.9928375, -0.05265238, 22.14804)
(-0.03945637, 0.05716603, 0.9975846, -3.012882)
(0, 0, 0, 1)
6/16/2022 6:04:34 PM : B36=
6/16/2022 6:04:34 PM : (-0.03842675, 0.06438239, -0.9971853, 18.8804)
(-0.05323457, 0.9963734, 0.06638138, -401.128)
(0.9978425, 0.05563556, -0.03486002, 166.107)
(0, 0, 0, 1)
6/16/2022 6:04:34 PM : B= inv(B36)*B0---------------
6/16/2022 6:04:34 PM : (0.9875649, -0.0303351, 0.1542582, -22.01599)
(0.02915465, 0.9995258, 0.00990877, -1.675125)
(-0.1544857, -0.005288209, 0.9879808, -16.267)
(-4.112697E-11, -3.341775E-12, -1.362771E-12, 0.9999999)
6/16/2022 6:04:34 PM : RA 36=(0.05505726, 0.04249468, 0.1063604)
6/16/2022 6:04:34 PM : TA 36=(5.799271, 22.14804, -3.012882)
6/16/2022 6:04:34 PM : RB 36=(-0.007630219, 0.1550166, 0.02986902)
